Epoch: 500

Model: "sequential"
_________________________________________________________________
 Layer (type)                Output Shape              Param #   
=================================================================
 lstm (LSTM)                 (None, 30, 128)           916992    
                                                                 
 lstm_1 (LSTM)               (None, 30, 128)           131584    
                                                                 
 lstm_2 (LSTM)               (None, 64)                49408     
                                                                 
 dense (Dense)               (None, 64)                4160      
                                                                 
 dense_1 (Dense)             (None, 32)                2080      
                                                                 
 dense_2 (Dense)             (None, 46)                1518      
                                                                 
=================================================================
Total params: 1,105,742
Trainable params: 1,105,742
Non-trainable params: 0
_________________________________________________________________
None
15/15 [==============================] - 1s 19ms/step
V
R
15/15 [==============================] - 0s 19ms/step
[[[445   0]
  [ 15   0]]

 [[448   0]
  [ 12   0]]

 [[448   0]
  [ 12   0]]

 [[445   0]
  [ 15   0]]

 [[453   0]
  [  7   0]]

 [[452   0]
  [  8   0]]

 [[453   0]
  [  7   0]]

 [[446   0]
  [ 14   0]]

 [[455   0]
  [  5   0]]

 [[452   0]
  [  8   0]]

 [[451   0]
  [  9   0]]

 [[451   0]
  [  9   0]]

 [[450   0]
  [ 10   0]]

 [[450   0]
  [ 10   0]]

 [[449   0]
  [ 11   0]]

 [[447   0]
  [ 13   0]]

 [[453   0]
  [  7   0]]

 [[450   0]
  [ 10   0]]

 [[448   0]
  [ 12   0]]

 [[449   0]
  [ 11   0]]

 [[447   0]
  [ 13   0]]

 [[  0 456]
  [  0   4]]

 [[451   0]
  [  9   0]]

 [[451   0]
  [  9   0]]

 [[448   0]
  [ 12   0]]

 [[450   0]
  [ 10   0]]

 [[449   0]
  [ 11   0]]

 [[450   0]
  [ 10   0]]

 [[450   0]
  [ 10   0]]

 [[448   0]
  [ 12   0]]

 [[452   0]
  [  8   0]]

 [[448   0]
  [ 12   0]]

 [[449   0]
  [ 11   0]]

 [[450   0]
  [ 10   0]]

 [[449   0]
  [ 11   0]]

 [[453   0]
  [  7   0]]

 [[454   0]
  [  6   0]]

 [[450   0]
  [ 10   0]]

 [[454   0]
  [  6   0]]

 [[451   0]
  [  9   0]]

 [[447   0]
  [ 13   0]]

 [[449   0]
  [ 11   0]]

 [[450   0]
  [ 10   0]]

 [[448   0]
  [ 12   0]]

 [[452   0]
  [  8   0]]

 [[449   0]
  [ 11   0]]]
0.008695652173913044

