epoch 50

123/123 [==============================] - 4s 34ms/step - loss: 0.8452 - categorical_accuracy: 0.6992 - val_loss: 1.1356 - val_categorical_accuracy: 0.6232
22/22 [==============================] - 1s 11ms/step
Your
Your
G
O
22/22 [==============================] - 0s 11ms/step
[[[668  11]
  [  6   5]]

 [[666   3]
  [  9  12]]

 [[668   5]
  [ 10   7]]

 [[666   3]
  [  8  13]]

 [[658  22]
  [  2   8]]

 [[669   4]
  [ 12   5]]

 [[676   5]
  [  5   4]]

 [[673   5]
  [  9   3]]

 [[661  20]
  [  3   6]]

 [[667   7]
  [  4  12]]

 [[660  16]
  [  8   6]]

 [[677   0]
  [ 11   2]]

 [[675   6]
  [  8   1]]

 [[661  15]
  [  9   5]]

 [[667  13]
  [  5   5]]

 [[674   1]
  [  3  12]]

 [[673   1]
  [  2  14]]

 [[653  23]
  [ 10   4]]

 [[669   5]
  [ 11   5]]

 [[678   2]
  [ 10   0]]

 [[662  10]
  [ 10   8]]

 [[654  21]
  [  7   8]]

 [[675   1]
  [ 13   1]]

 [[672   2]
  [  7   9]]

 [[676   1]
  [ 13   0]]

 [[671   1]
  [  0  18]]

 [[673   1]
  [  4  12]]

 [[673   0]
  [  1  16]]

 [[672   0]
  [  0  18]]

 [[671   4]
  [  7   8]]

 [[663   5]
  [  9  13]]

 [[675   2]
  [  1  12]]

 [[673   1]
  [  5  11]]

 [[668   6]
  [  3  13]]

 [[673   4]
  [  4   9]]

 [[679   0]
  [  1  10]]

 [[672   1]
  [  1  16]]

 [[672   0]
  [  0  18]]

 [[678   2]
  [  0  10]]

 [[671   0]
  [  0  19]]

 [[667   4]
  [  3  16]]

 [[675   0]
  [  4  11]]

 [[659   9]
  [  9  13]]

 [[675   0]
  [  4  11]]

 [[674   4]
  [  3   9]]

 [[658  14]
  [  6  12]]]
0.6231884057971014

epoch 100
0.841304347826087

epoch 100
0.8152173913043478




